alpha,near,fair,elastic
0.1,2.9428571428571426,-29.447619047619046,-29.714285714285715
0.2,2.9809523809523815,-21.942857142857147,-19.542857142857144
0.3,3.0190476190476185,-14.438095238095235,-12.80952380952381
0.4,3.0571428571428574,-6.933333333333332,-9.466666666666665
0.5,3.0952380952380953,0.5714285714285714,-4.428571428571429
0.6,3.1333333333333333,8.076190476190474,-1.9523809523809537
0.7,3.1714285714285713,15.580952380952377,3.3142857142857114
0.8,3.2095238095238097,23.08571428571429,12.133333333333336
0.9,3.2476190476190476,30.59047619047619,8.452380952380953
1.0,3.2857142857142856,38.095238095238095,16.61904761904762
